//  PatLen	   TextLen	  Naive-RT	    KMP-RT
        10	     10000	      1991	       871
       100	     10000	      2232	       317
      1000	     10000	       148	       467
        10	     20000	       326	       186
       100	     20000	       264	       328
      1000	     20000	       265	       306
     10000	     20000	       216	      1015
        10	     30000	       567	       259
       100	     30000	       355	       354
      1000	     30000	       318	       349
     10000	     30000	       328	       739
        10	     40000	       433	       354
       100	     40000	       607	       457
      1000	     40000	       420	       341
     10000	     40000	       430	       450
        10	     50000	       523	       673
       100	     50000	       682	       423
      1000	     50000	       497	       469
     10000	     50000	       500	       509
        10	     60000	       869	       503
       100	     60000	       585	       582
      1000	     60000	       804	       590
     10000	     60000	       605	       571
        10	     70000	       741	       552
       100	     70000	       693	       558
      1000	     70000	       694	       799
     10000	     70000	       917	       685
        10	     80000	      1307	       715
       100	     80000	       814	       640
      1000	     80000	       904	       636
     10000	     80000	       819	      1066
        10	     90000	       952	       732
       100	     90000	       963	       858
      1000	     90000	       883	       710
     10000	     90000	      1133	      1438
        10	    100000	       977	       890
       100	    100000	      1020	       831
      1000	    100000	      1069	       865
     10000	    100000	      1002	       912
        10	    110000	      1393	       860
       100	    110000	      1191	      1093
      1000	    110000	      1208	       866
     10000	    110000	      1137	      1160
        10	    120000	      1585	       973
       100	    120000	      1232	      1043
      1000	    120000	      1449	       944
     10000	    120000	      1273	      1002
        10	    130000	      1568	      1142
       100	    130000	      1438	      1100
      1000	    130000	      1364	      1263
     10000	    130000	      1461	      2587
        10	    140000	      3102	      1771
       100	    140000	      2072	      1513
      1000	    140000	      1729	      1421
     10000	    140000	      2130	      1598
        10	    150000	      1947	      1195
       100	    150000	      2244	      1294
      1000	    150000	      1594	      1212
     10000	    150000	      1611	      1212
        10	    160000	      2536	      1861
       100	    160000	      2063	      1255
      1000	    160000	      1595	      1267
     10000	    160000	      2077	      1443
        10	    170000	      5834	      1478
       100	    170000	      1720	      1486
      1000	    170000	      1873	      1445
     10000	    170000	      1926	      1582
        10	    180000	      2412	      1966
       100	    180000	      1890	      1743
      1000	    180000	      1809	      1517
     10000	    180000	      1944	      1455
        10	    190000	      2249	      1487
       100	    190000	      2169	      1758
      1000	    190000	      1982	      1500
     10000	    190000	      2035	      1792
        10	    200000	      2209	      1664
       100	    200000	      2168	      1690
      1000	    200000	      2043	      1689
     10000	    200000	      2984	      1678
    100000	    200000	      2430	      1881
        10	    210000	      2101	      1726
       100	    210000	      2169	      1845
      1000	    210000	      2710	      1665
     10000	    210000	      2650	      1600
    100000	    210000	      2493	      4364
        10	    220000	      2402	      2068
       100	    220000	      2606	      2062
      1000	    220000	      2492	      1818
     10000	    220000	      2420	      1772
    100000	    220000	      2952	      2440
        10	    230000	      2893	      1869
       100	    230000	      2564	      1860
      1000	    230000	      2473	      1879
     10000	    230000	      3520	      1679
    100000	    230000	      3159	     14846
        10	    240000	      3355	      2122
       100	    240000	      2570	      1970
      1000	    240000	      2580	      2022
     10000	    240000	      6643	      2203
    100000	    240000	      3146	      2036
        10	    250000	      3155	      2317
       100	    250000	      2534	      2030
      1000	    250000	      2918	      2157
     10000	    250000	      2562	      2039
    100000	    250000	      2828	      2327
        10	    260000	      2926	      2021
       100	    260000	      2959	      2278
      1000	    260000	      2724	      2220
     10000	    260000	      2702	      2169
    100000	    260000	      3171	      2383
        10	    270000	      3008	      2235
       100	    270000	      2796	      2222
      1000	    270000	      2874	      2401
     10000	    270000	      2948	      4898
    100000	    270000	      3478	      2589
        10	    280000	      3003	      2277
       100	    280000	      2948	      2412
      1000	    280000	      3753	      3107
     10000	    280000	      3041	      2306
    100000	    280000	      4235	      2707
        10	    290000	      2916	      2380
       100	    290000	      2897	      2802
      1000	    290000	      3396	      2705
     10000	    290000	      2974	      2890
    100000	    290000	      3830	      2444
        10	    300000	      3026	      2387
       100	    300000	      2954	      2417
      1000	    300000	      3301	      2346
     10000	    300000	      3293	      2415
    100000	    300000	      3724	      4277
        10	    310000	      3444	      2526
       100	    310000	      3114	      2562
      1000	    310000	      3023	      2423
     10000	    310000	      3253	      2532
    100000	    310000	      3798	      2307
        10	    320000	      4066	      3010
       100	    320000	      3364	      2717
      1000	    320000	      3556	      2512
     10000	    320000	      3567	      2343
    100000	    320000	      3957	      2281
        10	    330000	      3643	      2575
       100	    330000	      3287	      2570
      1000	    330000	      3523	      2564
     10000	    330000	      3526	      2379
    100000	    330000	      4350	      2324
        10	    340000	      3317	      3082
       100	    340000	      3416	      2709
      1000	    340000	      3391	      2722
     10000	    340000	      3669	      2480
    100000	    340000	      4439	      4161
        10	    350000	      3838	      3086
       100	    350000	      3500	      2878
      1000	    350000	      3608	      2737
     10000	    350000	      4026	      2538
    100000	    350000	      3981	      2609
        10	    360000	      3934	      2818
       100	    360000	      4175	      2980
      1000	    360000	      3766	      3298
     10000	    360000	      4362	      2738
    100000	    360000	      4520	      2930
        10	    370000	      4201	      2889
       100	    370000	      4063	      3071
      1000	    370000	      3668	      3354
     10000	    370000	      3888	      2656
    100000	    370000	      4507	      4312
        10	    380000	      4412	      3105
       100	    380000	      3958	      3140
      1000	    380000	      4312	      3322
     10000	    380000	      3898	      2730
    100000	    380000	      4437	      2530
        10	    390000	      3825	      3088
       100	    390000	      3888	      3226
      1000	    390000	      4025	      3063
     10000	    390000	      3991	      2815
    100000	    390000	      4922	      3703
        10	    400000	      4169	      3189
       100	    400000	      4696	      3297
      1000	    400000	      4236	      3099
     10000	    400000	      4321	      3040
    100000	    400000	      5445	      2949
        10	    410000	      4260	      3182
       100	    410000	      4506	      3835
      1000	    410000	      4153	      3199
     10000	    410000	      4425	      4390
    100000	    410000	      4765	      2725
        10	    420000	      4412	      3285
       100	    420000	      4373	      3321
      1000	    420000	      4298	      3630
     10000	    420000	      4281	      3186
    100000	    420000	      5300	      4158
        10	    430000	      4700	      3636
       100	    430000	      4561	      3427
      1000	    430000	      4489	      3479
     10000	    430000	      4444	      3094
    100000	    430000	      5363	      2744
        10	    440000	      4609	      3378
       100	    440000	      4588	      3682
      1000	    440000	      4889	      3513
     10000	    440000	      4577	      3331
    100000	    440000	      5113	      4497
        10	    450000	      4573	      3795
       100	    450000	      4702	      3668
      1000	    450000	      4612	      3783
     10000	    450000	      4778	      3160
    100000	    450000	      5247	      4358
        10	    460000	      4827	      3672
       100	    460000	      4854	      3674
      1000	    460000	      5628	      3584
     10000	    460000	      5363	      3815
    100000	    460000	      5354	      2708
        10	    470000	      5194	      3626
       100	    470000	      5479	      4090
      1000	    470000	      4575	      3737
     10000	    470000	      4863	      3675
    100000	    470000	      5848	      2902
        10	    480000	      4959	      3847
       100	    480000	      5096	      3707
      1000	    480000	      5366	      3885
     10000	    480000	      4955	      3518
    100000	    480000	      5582	      2836
        10	    490000	      5679	      3986
       100	    490000	      5151	      3855
      1000	    490000	      4899	      4137
     10000	    490000	      5216	      3565
    100000	    490000	      5669	      2888
        10	    500000	      5260	      3914
       100	    500000	      5430	      3947
      1000	    500000	      5412	      3990
     10000	    500000	      5185	      3790
    100000	    500000	      6111	      3008
        10	    510000	      5333	      4197
       100	    510000	      5130	      4176
      1000	    510000	      5026	      4352
     10000	    510000	      5096	      3682
    100000	    510000	      5911	      3000
        10	    520000	      5856	      4171
       100	    520000	      5538	      4075
      1000	    520000	      5264	      4466
     10000	    520000	      5488	      3926
    100000	    520000	      6243	      3190
        10	    530000	      5549	      4351
       100	    530000	      5521	      4341
      1000	    530000	      5236	      4143
     10000	    530000	      5383	      4500
    100000	    530000	      6558	      3075
        10	    540000	      5533	      4807
       100	    540000	      5651	      4453
      1000	    540000	      5615	      4580
     10000	    540000	      6232	      3826
    100000	    540000	      6247	      3422
        10	    550000	      5563	      4637
       100	    550000	      6107	      4525
      1000	    550000	      5889	      4612
     10000	    550000	      5515	      4198
    100000	    550000	      6680	      4987
        10	    560000	      5439	      4455
       100	    560000	      6919	      4429
      1000	    560000	      5789	      4387
     10000	    560000	      5543	      4130
    100000	    560000	      6494	      4437
        10	    570000	      5984	      4483
       100	    570000	      5599	      4486
      1000	    570000	      5964	      4669
     10000	    570000	      6101	      4274
    100000	    570000	      6907	      3216
        10	    580000	      6036	      4794
       100	    580000	      6010	      4814
      1000	    580000	      5602	      4613
     10000	    580000	      6208	      4037
    100000	    580000	      6806	      3325
        10	    590000	      6175	      5000
       100	    590000	      6150	      5127
      1000	    590000	      6624	      4564
     10000	    590000	      6531	      4526
    100000	    590000	      6857	      5069
        10	    600000	      6434	      4819
       100	    600000	      6249	      4942
      1000	    600000	      6198	      4812
     10000	    600000	      5903	      4490
    100000	    600000	      7530	      4814
        10	    610000	      6457	      4899
       100	    610000	      6324	      4853
      1000	    610000	      5890	      4887
     10000	    610000	      6772	      4341
    100000	    610000	      7376	      3661
        10	    620000	      6480	      5489
       100	    620000	      6079	      4853
      1000	    620000	      6380	      4817
     10000	    620000	      6126	      4377
    100000	    620000	      7371	      3583
        10	    630000	      6343	      4839
       100	    630000	      6225	      4940
      1000	    630000	      6879	      4829
     10000	    630000	      6595	      5086
    100000	    630000	      7385	      4912
        10	    640000	      6530	      5233
       100	    640000	      6698	      5010
      1000	    640000	      6215	      5205
     10000	    640000	      6690	      4456
    100000	    640000	      7821	      4856
        10	    650000	      6804	      5211
       100	    650000	      6270	      5691
      1000	    650000	      6321	      5415
     10000	    650000	      6834	      4598
    100000	    650000	      7738	      5083
        10	    660000	      6932	      5185
       100	    660000	      6590	      5393
      1000	    660000	      6557	      5006
     10000	    660000	      6606	      4960
    100000	    660000	      7809	      3406
        10	    670000	      7578	      5388
       100	    670000	      6991	      5481
      1000	    670000	      6693	      5584
     10000	    670000	      7125	      5249
    100000	    670000	      7760	      5202
        10	    680000	      7073	      5594
       100	    680000	      6722	      5308
      1000	    680000	      6890	      6071
     10000	    680000	      7422	      4791
    100000	    680000	      8122	      3940
        10	    690000	      7529	      5680
       100	    690000	      7764	      5768
      1000	    690000	      7106	      5835
     10000	    690000	      7091	      4909
    100000	    690000	      8364	      3607
        10	    700000	      7284	      5740
       100	    700000	      6861	      6270
      1000	    700000	      6792	      5372
     10000	    700000	      6893	      5252
    100000	    700000	      8130	      3608
        10	    710000	      7778	      5559
       100	    710000	      7311	      5548
      1000	    710000	      7338	      5604
     10000	    710000	      7714	      5258
    100000	    710000	      8450	      4059
        10	    720000	      7137	      5915
       100	    720000	      7188	      5613
      1000	    720000	      7390	      5582
     10000	    720000	      7190	      5035
    100000	    720000	      9296	      3978
        10	    730000	      7830	      6395
       100	    730000	      7326	      5777
      1000	    730000	      7100	      5996
     10000	    730000	      7832	      5092
    100000	    730000	      8546	      5579
        10	    740000	      7311	      5784
       100	    740000	      7746	      6546
      1000	    740000	      7341	      5902
     10000	    740000	      7357	      5205
    100000	    740000	      9239	      3962
        10	    750000	      7643	      6246
       100	    750000	      7940	      6162
      1000	    750000	      7408	      5953
     10000	    750000	      8630	      5782
    100000	    750000	      9110	      3960
        10	    760000	      7538	      6471
       100	    760000	      7607	      6361
      1000	    760000	      7914	      5915
     10000	    760000	      7641	      5717
    100000	    760000	      9229	      3793
        10	    770000	      8576	      6491
       100	    770000	      7953	      5962
      1000	    770000	      7818	      6360
     10000	    770000	      7711	      5564
    100000	    770000	      9264	      3923
        10	    780000	      7949	      6520
       100	    780000	      7809	      6545
      1000	    780000	      7946	      6634
     10000	    780000	      8117	      5956
    100000	    780000	      9280	      5761
        10	    790000	      7855	      6168
       100	    790000	      8223	      6295
      1000	    790000	      8958	      6104
     10000	    790000	      7900	      5588
    100000	    790000	      9326	      4417
        10	    800000	      8462	      6250
       100	    800000	      8069	      6138
      1000	    800000	      8298	      6547
     10000	    800000	      7997	      6020
    100000	    800000	      9458	      5862
        10	    810000	      8281	      6360
       100	    810000	      8143	      6959
      1000	    810000	      8045	      6919
     10000	    810000	      8131	      5674
    100000	    810000	     10109	      4391
        10	    820000	      9979	      6830
       100	    820000	      8222	      7012
      1000	    820000	      8266	      6375
     10000	    820000	      8117	      5857
    100000	    820000	     10051	      4238
        10	    830000	      8808	      7015
       100	    830000	      9182	      7129
      1000	    830000	      8316	      6483
     10000	    830000	      8643	      6218
    100000	    830000	      9901	      4067
        10	    840000	     11575	      6849
       100	    840000	      8733	      7014
      1000	    840000	      8749	      6540
     10000	    840000	      8574	      6381
    100000	    840000	     10506	      4420
        10	    850000	      8907	      6763
       100	    850000	      9673	      6790
      1000	    850000	      9175	      6592
     10000	    850000	      8683	      6348
    100000	    850000	     10339	      4467
        10	    860000	      9174	      7323
       100	    860000	      9642	      7360
      1000	    860000	      8993	      7170
     10000	    860000	      8622	      6444
    100000	    860000	     10770	      6172
        10	    870000	      9518	      6872
       100	    870000	      8711	      7241
      1000	    870000	      8840	      7528
     10000	    870000	      9252	      6020
    100000	    870000	     10556	      6466
        10	    880000	      9346	      6897
       100	    880000	      8726	      7660
      1000	    880000	      9329	      6942
     10000	    880000	      9288	      6201
    100000	    880000	     10256	      4279
        10	    890000	      9745	      7487
       100	    890000	     10105	      6996
      1000	    890000	      8722	      6853
     10000	    890000	      9460	      6451
    100000	    890000	     11023	      4202
        10	    900000	      9763	      7698
       100	    900000	      8937	      7516
      1000	    900000	      8804	      7204
     10000	    900000	      9058	      6655
    100000	    900000	     11131	      4412
        10	    910000	      9484	      7233
       100	    910000	      9002	      7184
      1000	    910000	      9085	      7491
     10000	    910000	     10039	      6416
    100000	    910000	     10703	      4632
        10	    920000	      9303	      7957
       100	    920000	      9167	      7831
      1000	    920000	      9517	      7269
     10000	    920000	      9131	      6356
    100000	    920000	     11080	      4713
        10	    930000	      9724	      7860
       100	    930000	      9668	      7387
      1000	    930000	      9367	      7212
     10000	    930000	     10492	      7335
    100000	    930000	     11070	      6137
        10	    940000	      9799	      7418
       100	    940000	      9378	      7715
      1000	    940000	      9096	      7437
     10000	    940000	      9652	      6409
    100000	    940000	     11655	      6513
        10	    950000	      9670	      7525
       100	    950000	     10178	      7477
      1000	    950000	      9317	      7464
     10000	    950000	      9474	      6804
    100000	    950000	     11342	      6226
        10	    960000	     10233	      7623
       100	    960000	      9567	      8222
      1000	    960000	      9560	      7889
     10000	    960000	      9759	      6692
    100000	    960000	     11445	      4584
        10	    970000	      9658	      8357
       100	    970000	      9641	      7891
      1000	    970000	     10415	      7642
     10000	    970000	     10192	      7238
    100000	    970000	     11365	      5009
        10	    980000	     10044	      7970
       100	    980000	      9610	      8046
      1000	    980000	      9625	      8113
     10000	    980000	     11153	      7329
    100000	    980000	     12256	      4873
        10	    990000	     10767	      8056
       100	    990000	      9952	      7929
      1000	    990000	      9891	      7838
     10000	    990000	     10227	      7047
    100000	    990000	     12434	      4886
        10	   1000000	     10741	      7988
       100	   1000000	      9884	      8123
      1000	   1000000	      9830	      7814
     10000	   1000000	     10699	      7177
    100000	   1000000	     12817	      4843
