//            PatLen	     Ratio
               10000	  0.083700
               20000	  0.085300
               30000	  0.053567
               40000	  0.021125
               50000	  0.012820
               60000	  0.011450
               70000	  0.015814
               80000	  0.011212
               90000	  0.012089
              100000	  0.013290
              110000	  0.011164
              120000	  0.012283
              130000	  0.010523
              140000	  0.011286
              150000	  0.014133
              160000	  0.012675
              170000	  0.011347
              180000	  0.014483
              190000	  0.011174
              200000	  0.010495
              210000	  0.023200
              220000	  0.010232
              230000	  0.021404
              240000	  0.012729
              250000	  0.016568
              260000	  0.009815
              270000	  0.009767
              280000	  0.009286
              290000	  0.010159
              300000	  0.010663
              310000	  0.014974
              320000	  0.010191
              330000	  0.009276
              340000	  0.014771
              350000	  0.009797
              360000	  0.011828
              370000	  0.009430
              380000	  0.018613
              390000	  0.009736
              400000	  0.010142
              410000	  0.010107
              420000	  0.011819
              430000	  0.011833
              440000	  0.008609
              450000	  0.008456
              460000	  0.010707
              470000	  0.009223
              480000	  0.010294
              490000	  0.010867
              500000	  0.008930
              510000	  0.009624
              520000	  0.008413
              530000	  0.010855
              540000	  0.008535
              550000	  0.008749
              560000	  0.008864
              570000	  0.008263
              580000	  0.008640
              590000	  0.008607
              600000	  0.009038
              610000	  0.008623
              620000	  0.008461
              630000	  0.008538
              640000	  0.008438
              650000	  0.008528
              660000	  0.008712
              670000	  0.008585
              680000	  0.008912
              690000	  0.008046
              700000	  0.008211
              710000	  0.008663
              720000	  0.008586
              730000	  0.008330
              740000	  0.008350
              750000	  0.008293
              760000	  0.008497
              770000	  0.008697
              780000	  0.008621
              790000	  0.008496
              800000	  0.008446
              810000	  0.008815
              820000	  0.009009
              830000	  0.008370
              840000	  0.008417
              850000	  0.008904
              860000	  0.008528
              870000	  0.008921
              880000	  0.008458
              890000	  0.008120
              900000	  0.008098
              910000	  0.008581
              920000	  0.008800
              930000	  0.008710
              940000	  0.008472
              950000	  0.009262
              960000	  0.008649
              970000	  0.011137
              980000	  0.009444
              990000	  0.008371
             1000000	  0.008462
Ignoring ratios before cross over point: 80000
Sorted ratios are: 
  0.008046,   0.008098,   0.008120,   0.008211,   0.008263, 
  0.008293,   0.008330,   0.008350,   0.008370,   0.008371, 
  0.008413,   0.008417,   0.008438,   0.008446,   0.008456, 
  0.008458,   0.008461,   0.008462,   0.008472,   0.008496, 
  0.008497,   0.008528,   0.008528,   0.008535,   0.008538, 
  0.008581,   0.008585,   0.008586,   0.008607,   0.008609, 
  0.008621,   0.008623,   0.008640,   0.008649,   0.008663, 
  0.008697,   0.008710,   0.008712,   0.008749,   0.008800, 
  0.008815,   0.008864,   0.008904,   0.008912,   0.008921, 
  0.008930,   0.009009,   0.009038,   0.009223,   0.009262, 
  0.009276,   0.009286,   0.009430,   0.009444,   0.009624, 
  0.009736,   0.009767,   0.009797,   0.009815,   0.010107, 
  0.010142,   0.010159,   0.010191,   0.010232,   0.010294, 
  0.010495,   0.010523,   0.010663,   0.010707,   0.010855, 
  0.010867,   0.011137,   0.011164,   0.011174,   0.011212, 
  0.011286,   0.011347,   0.011450,   0.011819,   0.011828, 
  0.011833,   0.012089,   0.012283,   0.012675,   0.012729, 
  0.012820,   0.013290,   0.014133,   0.014483,   0.014771, 
  0.014974,   0.015814
Maximum stable ratio is:   0.015814
Average ratio is:   0.009837
