^COLORS
_BALL
0.94722223;1.0472223;0.90238094;1.0;0.44411764;1.0
PINK
0.93;1.0;0.47;1.0;0.52;1.0
PINK_1
0.93497264;1.0349727;0.7473856;1.0;0.55;1.0
PINK_2
0.0;0.0;1.0;2.0;1.0;2.0
YELLOW
0.13810916;0.23810916;0.78009707;1.0;0.75784314;1.0
YELLOW_1
0.10079366;0.20079365;0.66707313;1.0;0.75392157;1.0
YELLOW_2
0.12;0.22;0.39;1.0;0.95;1.0
BLUE
0.5833334;0.6833334;0.95;1.0;0.048039217;1.0
BLUE_1
0.0;0.0;1.0;2.0;1.0;2.0
BLUE_2
0.53;0.67;0.01;1.0;0.54;1.0
GREEN
0.25107524;0.35107526;0.95;1.0;0.19313726;1.0
GREEN_1
0.17;0.31;0.39;1.0;0.47;1.0
GREEN_2
0.20476191;0.30476192;0.2530303;1.0;0.85588235;1.0
^MISC
false;true;false;false;true;UNKNOWN;FRED;UNKNOWN;UNKNOWN
^DISTORTION
20;3;3;14;0;0;-1;19:5;633:458
^END