^COLORS
_BALL
0.9688679;1.0688679;0.51989245;1.0;0.67941177;1.0
PINK
0.96234566;1.0623457;0.3611675;1.0;0.722549;1.0
PINK_1
0.0;0.0;1.0;2.0;1.0;2.0
PINK_2
0.0;0.0;1.0;2.0;1.0;2.0
YELLOW
0.12;0.22;0.38;1.0;0.95;1.0
YELLOW_1
0.0;0.0;1.0;2.0;1.0;2.0
YELLOW_2
0.0;0.0;1.0;2.0;1.0;2.0
BLUE
0.58;0.68;0.08;1.0;0.45;1.0
BLUE_1
0.0;0.0;1.0;2.0;1.0;2.0
BLUE_2
0.0;0.0;1.0;2.0;1.0;2.0
GREEN
0.21282052;0.31282052;0.33235294;1.0;0.48333335;1.0
GREEN_1
0.22053142;0.32053143;0.33121547;1.0;0.6598039;1.0
GREEN_2
0.25;0.35;0.22;1.0;1.0;1.0
^MISC
false;true;false;false;false;UNKNOWN;FRED;UNKNOWN;UNKNOWN
^DISTORTION
20;3;3;14;0;0;-1;19:5;633:458
^END