7.707111749369403020e-01 2.292888250630597258e-01
8.051975284111055897e-01 1.948024715888944103e-01
4.375562840753881022e-01 5.624437159246118423e-01
4.678231563804480797e-01 5.321768436195517538e-01
8.274005280376154348e-01 1.725994719623846485e-01
8.098018622936660471e-02 9.190198137706333537e-01
2.333974204757982285e-01 7.666025795242015217e-01
1.302116108622914381e-01 8.697883891377083954e-01
7.923051243240835095e-01 2.076948756759165737e-01
7.731533394585553554e-01 2.268466605414444781e-01
6.532443465150700179e-01 3.467556534849298155e-01
7.630869510602523720e-01 2.369130489397476558e-01
6.388042089918036792e-01 3.611957910081961542e-01
5.623251760927117093e-01 4.376748239072883462e-01
3.937633340214615613e-02 9.606236665978535871e-01
6.458333536475702186e-01 3.541666463524296704e-01
1.203055284791611917e-01 8.796944715208389054e-01
6.493377919482060667e-01 3.506622080517938778e-01
8.655344528252522096e-01 1.344655471747478459e-01
5.714065010823623503e-01 4.285934989176378718e-01
7.541383428801679001e-01 2.458616571198321277e-01
4.698851832196978551e-01 5.301148167803020339e-01
7.208108982571151957e-01 2.791891017428849153e-01
5.176738836877666783e-01 4.823261163122334882e-01
6.930093101318024473e-01 3.069906898681975527e-01
7.273639623783112462e-02 9.272636037621689864e-01
2.596960581486206787e-01 7.403039418513793768e-01
7.852354369993524985e-01 2.147645630006475292e-01
2.829304107376489630e-01 7.170695892623508705e-01
4.078342953997326492e-01 5.921657046002672953e-01
8.038478830822383125e-01 1.961521169177616042e-01
4.238554555053773432e-01 5.761445444946228234e-01
8.414874941220349402e-01 1.585125058779650320e-01
5.413758655347492565e-01 4.586241344652509100e-01
7.236916082407843787e-01 2.763083917592158434e-01
3.632283781136538270e-01 6.367716218863462840e-01
1.682692305187218074e-01 8.317307694812781094e-01
7.583811316849247142e-01 2.416188683150752581e-01
8.163464005948194435e-01 1.836535994051805565e-01
5.458853233873042221e-01 4.541146766126956669e-01
7.892180686004691692e-01 2.107819313995310251e-01
6.508524134028729202e-01 3.491475865971269688e-01
6.880424240516502810e-01 3.119575759483494970e-01
8.182034647585860743e-01 1.817965352414138147e-01
7.826604051897879943e-02 9.217339594810212144e-01
6.544726750762704937e-01 3.455273249237296174e-01
5.278993402013019143e-01 4.721006597986978637e-01
8.104773254622490430e-01 1.895226745377509570e-01
2.499277046788984380e-01 7.500722953211018673e-01
9.005191027848367114e-01 9.948089721516337192e-02
8.315624450201888340e-01 1.684375549798110827e-01
7.804949477742392228e-01 2.195050522257607772e-01
2.600252741384637134e-01 7.399747258615363421e-01
2.912688447829484550e-01 7.087311552170513229e-01
3.017497307847077925e-01 6.982502692152920964e-01
2.970852277467696534e-01 7.029147722532300691e-01
7.579941470485095367e-01 2.420058529514903523e-01
7.136219339118233806e-01 2.863780660881765083e-01
5.882754437868865649e-01 4.117245562131134351e-01
1.570613014344374447e-01 8.429386985655625830e-01
7.901127712420349392e-01 2.098872287579651719e-01
7.474556874335415158e-01 2.525443125664584287e-01
8.527813680229685556e-01 1.472186319770313057e-01
2.434537802789938921e-01 7.565462197210062190e-01
4.700470200419002986e-01 5.299529799580995348e-01
3.366247686662748873e-01 6.633752313337253348e-01
5.535086898871053318e-01 4.464913101128944461e-01
8.701193240462063994e-01 1.298806759537935451e-01
2.665743895367294058e-01 7.334256104632707052e-01
8.160577641380514224e-01 1.839422358619487441e-01
7.628728576467339595e-01 2.371271423532663181e-01
7.244209415574660582e-01 2.755790584425336642e-01
3.522462623340819748e-02 9.647753737665917262e-01
8.486317657973014850e-01 1.513682342026986816e-01
6.565774128122680020e-01 3.434225871877321090e-01
4.745591107901500072e-01 5.254408892098499928e-01
7.449546538525051442e-01 2.550453461474951333e-01
5.609992232986266147e-01 4.390007767013733853e-01
3.603059769068766571e-01 6.396940230931233984e-01
3.661634638093791971e-01 6.338365361906206363e-01
5.314013260073086053e-01 4.685986739926912281e-01
7.760897348666269124e-01 2.239102651333727823e-01
4.014351390037385059e-01 5.985648609962617162e-01
1.631489667820694989e-01 8.368510332179306399e-01
6.559865932339610239e-01 3.440134067660389205e-01
8.971396647492980991e-02 9.102860335250703150e-01
3.796631245067382809e-01 6.203368754932615525e-01
5.157007731184696242e-01 4.842992268815303758e-01
7.261438948678913263e-01 2.738561051321084516e-01
3.979660685498049300e-01 6.020339314501951256e-01
6.865177231708622374e-01 3.134822768291380957e-01
1.868286968992134978e-01 8.131713031007862247e-01
5.759029057563243015e-01 4.240970942436755875e-01
2.592941563020328966e-01 7.407058436979669924e-01
2.912053584995341060e-01 7.087946415004658940e-01
6.555318827412102145e-01 3.444681172587899520e-01
7.962685727530482982e-01 2.037314272469518128e-01
6.390654400970974258e-01 3.609345599029026852e-01
3.204745371537948695e-01 6.795254628462052970e-01
1.466444259971167730e-01 8.533555740028834213e-01
7.837754044556651811e-01 2.162245955443348744e-01
4.788716556582389150e-01 5.211283443417610295e-01
8.371201321355117297e-01 1.628798678644883535e-01
6.390400870729082694e-01 3.609599129270918416e-01
2.729970240705072437e-01 7.270029759294927008e-01
8.209198603377496628e-01 1.790801396622505037e-01
2.570808771881765153e-01 7.429191228118235957e-01
4.559280046085431026e-01 5.440719953914568974e-01
2.646218110169757387e-01 7.353781889830242058e-01
7.948504740614676933e-01 2.051495259385324454e-01
4.100834062075101039e-01 5.899165937924900627e-01
1.561619229179941337e-01 8.438380770820059773e-01
3.991994128940353215e-01 6.008005871059646230e-01
7.640694997886667839e-01 2.359305002113331051e-01
3.038929831256843017e-01 6.961070168743155318e-01
5.773950925900390718e-01 4.226049074099610947e-01
2.955114465078147457e-01 7.044885534921851988e-01
5.000000000000000000e-01 5.000000000000000000e-01
5.802204150162352247e-01 4.197795849837647197e-01
8.811228977645059468e-02 9.118877102235493082e-01
8.501084295185300510e-01 1.498915704814699490e-01
5.753310869396066618e-01 4.246689130603935602e-01
7.992798336710587037e-01 2.007201663289413518e-01
4.389760786776370494e-01 5.610239213223630061e-01
5.503608091537033342e-01 4.496391908462967213e-01
1.023020725493538619e-01 8.976979274506462492e-01
7.292975949125622970e-01 2.707024050874378140e-01
3.636957914687450333e-01 6.363042085312549112e-01
4.494208674201456422e-01 5.505791325798542468e-01
2.311652682110243440e-01 7.688347317889754340e-01
8.004115634068930119e-01 1.995884365931070159e-01
4.252056111911408087e-01 5.747943888088591358e-01
8.401811887588364058e-01 1.598188112411636774e-01
5.587412163245367713e-01 4.412587836754631176e-01
7.354322594391038415e-01 2.645677405608961585e-01
7.487053388690806388e-01 2.512946611309194167e-01
8.283903381292141432e-01 1.716096618707858568e-01
7.080745999108682964e-01 2.919254000891318146e-01
7.431619176285861883e-01 2.568380823714138672e-01
7.463749611364228764e-01 2.536250388635773456e-01
1.792640392989623688e-01 8.207359607010373814e-01
8.403321475019924491e-02 9.159667852498007967e-01
5.534539642243285762e-01 4.465460357756713683e-01
8.191247792785071313e-01 1.808752207214928132e-01
8.253628139581313805e-01 1.746371860418685640e-01
3.878716586758468310e-01 6.121283413241530580e-01
3.323617158320617548e-01 6.676382841679382452e-01
3.537267176624486753e-01 6.462732823375513247e-01
6.227652714838916026e-01 3.772347285161084529e-01
6.941107606069633063e-01 3.058892393930364162e-01
4.636458002565549963e-01 5.363541997434451147e-01
3.594535915415713601e-01 6.405464084584285844e-01
8.285631584622740187e-01 1.714368415377260368e-01
7.347000482944746613e-01 2.652999517055252277e-01
6.937792148959712746e-01 3.062207851040284479e-01
7.260752175182637602e-01 2.739247824817360732e-01
6.199699829296426712e-01 3.800300170703572178e-01
1.496425670109856332e-01 8.503574329890142280e-01
3.981341521737728484e-01 6.018658478262272071e-01
4.673618117224366819e-01 5.326381882775632626e-01
4.006783200823403890e-01 5.993216799176597220e-01
1.571255872248117080e-01 8.428744127751881532e-01
7.457574701011031593e-01 2.542425298988966187e-01
4.886192824694964854e-01 5.113807175305035146e-01
8.373833085438852075e-01 1.626166914561150423e-01
7.820616422033445092e-01 2.179383577966555186e-01
8.661288387147110246e-01 1.338711612852890032e-01
3.065425655301360353e-01 6.934574344698640758e-01
8.599094241326423749e-01 1.400905758673577362e-01
2.012871753478335246e-01 7.987128246521665309e-01
7.772338086636811916e-01 2.227661913363188084e-01
8.779500926168409825e-01 1.220499073831587816e-01
4.372150318897743970e-01 5.627849681102256030e-01
5.929173704469510309e-01 4.070826295530490246e-01
1.694202119117735328e-01 8.305797880882264117e-01
8.258053559953675293e-01 1.741946440046324707e-01
2.046148731669452381e-01 7.953851268330548452e-01
3.892715128326670881e-01 6.107284871673328563e-01
4.871227846553871643e-01 5.128772153446128357e-01
4.781293570944069593e-01 5.218706429055930407e-01
3.036315640967001683e-01 6.963684359032999982e-01
8.922488050892065647e-01 1.077511949107934353e-01
6.392431128781926875e-01 3.607568871218073125e-01
4.265341545787403321e-01 5.734658454212595569e-01
2.384483668329432093e-01 7.615516331670568739e-01
4.169806324686010646e-01 5.830193675313990465e-01
5.414913353195588419e-01 4.585086646804412136e-01
4.218862379671730056e-01 5.781137620328270499e-01
6.896077956368852346e-01 3.103922043631148764e-01
7.590426613400942379e-01 2.409573386599057621e-01
3.595862145041489599e-01 6.404137854958510401e-01
2.374331799884192851e-01 7.625668200115807149e-01
1.950291790825254556e-01 8.049708209174745166e-01
7.087300632984283588e-01 2.912699367015716412e-01
8.660623114741213824e-01 1.339376885258787564e-01
4.875223976319816299e-01 5.124776023680185366e-01
8.677475434355330641e-01 1.322524565644666861e-01
1.660449108045003452e-01 8.339550891954994327e-01
3.672383573403304458e-01 6.327616426596696098e-01
3.155692579412601728e-01 6.844307420587398827e-01
1.408635872539769629e-01 8.591364127460231481e-01
7.581554615362093852e-01 2.418445384637908369e-01
1.761137499188772382e-01 8.238862500811228173e-01
1.603455188482921234e-01 8.396544811517079321e-01
6.939664983834558099e-01 3.060335016165443567e-01
3.800866761839072350e-01 6.199133238160926540e-01
6.873111055192175911e-01 3.126888944807824089e-01
7.781596785626114787e-01 2.218403214373882160e-01
5.877046104697887241e-01 4.122953895302112204e-01
8.143100989711038462e-01 1.856899010288960428e-01
7.048592708454091971e-02 9.295140729154590664e-01
5.322123097304984896e-01 4.677876902695014549e-01
6.805588544687225516e-01 3.194411455312773929e-01
7.509815369281803710e-01 2.490184630718192960e-01
2.213734984046700216e-01 7.786265015953300894e-01
5.072334240162891250e-01 4.927665759837108750e-01
2.713818281461456428e-01 7.286181718538544683e-01
4.679608916126125062e-01 5.320391083873875493e-01
8.755068132758412336e-01 1.244931867241586693e-01
7.263005712618195719e-01 2.736994287381805391e-01
8.271740247143850588e-01 1.728259752856150244e-01
5.188473458326147147e-01 4.811526541673851187e-01
8.679503665948942182e-01 1.320496334051057541e-01
8.435935844471101897e-01 1.564064155528898659e-01
6.832668774129038169e-01 3.167331225870960165e-01
3.944416035375760687e-01 6.055583964624237092e-01
3.650595876704509357e-01 6.349404123295490088e-01
1.886505496765548962e-01 8.113494503234449651e-01
6.382325678861145990e-01 3.617674321138854010e-01
3.522440074944407917e-01 6.477559925055592638e-01
5.550260046977740780e-01 4.449739953022259220e-01
6.765465310274140220e-01 3.234534689725861445e-01
8.233902835307120860e-01 1.766097164692879418e-01
5.704602494878290297e-01 4.295397505121709147e-01
2.876075235223982673e-01 7.123924764776015106e-01
5.714981036113508939e-01 4.285018963886490506e-01
4.588062920963795754e-01 5.411937079036204246e-01
8.132922594443889874e-01 1.867077405556113456e-01
7.471221760654046529e-01 2.528778239345951806e-01
5.996982704901343553e-01 4.003017295098657002e-01
5.832738268474879639e-01 4.167261731525118140e-01
7.749945607865894592e-01 2.250054392134103742e-01
1.471922352123087030e-01 8.528077647876912692e-01
3.827275447405433795e-01 6.172724552594566205e-01
3.795182878056753140e-01 6.204817121943246860e-01
6.627805454471102919e-01 3.372194545528896525e-01
5.106569235391831274e-01 4.893430764608169281e-01
6.316423440829129765e-01 3.683576559170870235e-01
7.067150929341755594e-01 2.932849070658239410e-01
3.743711664219682156e-01 6.256288335780316734e-01
6.924664050680284788e-01 3.075335949319716322e-01
4.346237330034172786e-01 5.653762669965827214e-01
7.059642350135700850e-01 2.940357649864298595e-01
5.485819168702715798e-01 4.514180831297285312e-01
8.624466902759954090e-01 1.375533097240042302e-01
9.328531759006729318e-02 9.067146824099326929e-01
2.597132754050447412e-01 7.402867245949553698e-01
6.986281164511024544e-01 3.013718835488976566e-01
1.303645260147286711e-01 8.696354739852713012e-01
8.039926580082734642e-01 1.960073419917265913e-01
6.165038877514938953e-01 3.834961122485061047e-01
7.185807115063175265e-01 2.814192884936825290e-01
7.894593190033636354e-01 2.105406809966362258e-01
4.562996442728108892e-01 5.437003557271891108e-01
5.716942741907481418e-01 4.283057258092518027e-01
7.041506227528681050e-01 2.958493772471317840e-01
7.649336398721828800e-01 2.350663601278173420e-01
7.736650177111353832e-01 2.263349822888644780e-01
8.202688264681565755e-01 1.797311735318434522e-01
6.216093878306335752e-01 3.783906121693663693e-01
8.880632109745278946e-01 1.119367890254722719e-01
7.830828034374364144e-01 2.169171965625636966e-01
6.523764859910188285e-01 3.476235140089811715e-01
3.942554167483086069e-01 6.057445832516915596e-01
7.591576858053826760e-01 2.408423141946174073e-01
3.214519063806139387e-01 6.785480936193859502e-01
4.681658500660621502e-01 5.318341499339377387e-01
3.983185798294621160e-01 6.016814201705378284e-01
3.234018762288699556e-01 6.765981237711299334e-01
7.276315318249741981e-01 2.723684681750257464e-01
6.041698050893048455e-01 3.958301949106950990e-01
5.219665857447590707e-01 4.780334142552409848e-01
8.061192960567853394e-01 1.938807039432145773e-01
6.594950042967987480e-01 3.405049957032011410e-01
9.172339711577072174e-01 8.276602884229265766e-02
7.183461359619385256e-01 2.816538640380616410e-01
4.234595316296922429e-01 5.765404683703077016e-01
8.895233469309228314e-01 1.104766530690770437e-01
6.600586528551944943e-01 3.399413471448055613e-01
4.515908654714064219e-01 5.484091345285936336e-01
8.665168796181407229e-01 1.334831203818593048e-01
7.230661732251592033e-01 2.769338267748407967e-01
9.687378968661569667e-02 9.031262103133842478e-01
2.751835962026963900e-01 7.248164037973033880e-01
8.551510149589461873e-01 1.448489850410538682e-01
2.903502726515692633e-01 7.096497273484310142e-01
9.481923549029718234e-01 5.180764509702805859e-02
4.797020354685374577e-01 5.202979645314624868e-01
5.716899649437848785e-01 4.283100350562151215e-01
6.660506130948421477e-01 3.339493869051577968e-01
7.658577984759671331e-01 2.341422015240327836e-01
6.790269318464579040e-01 3.209730681535419849e-01
6.698981213467734008e-01 3.301018786532267657e-01
8.745627442533441265e-01 1.254372557466556792e-01
9.552723146643875285e-02 9.044727685335612888e-01
2.593730103044137314e-01 7.406269896955859355e-01
8.389889543817264927e-01 1.610110456182735905e-01
4.078615020727124896e-01 5.921384979272876770e-01
4.475602961813766045e-01 5.524397038186235065e-01
7.011422201625878703e-01 2.988577798374122407e-01
7.665236378075654944e-01 2.334763621924344779e-01
5.493874195368673163e-01 4.506125804631326282e-01
8.207736381176423679e-01 1.792263618823579374e-01
5.725125128924446472e-01 4.274874871075552973e-01
7.683443833718408555e-01 2.316556166281593110e-01
4.441683704576754321e-01 5.558316295423246789e-01
1.440382524244072371e-01 8.559617475755926241e-01
6.787689212387060245e-01 3.212310787612939200e-01
2.768033287585191515e-01 7.231966712414811260e-01
5.545636574238453909e-01 4.454363425761544981e-01
7.458538032590394939e-01 2.541461967409605616e-01
5.628473910179756512e-01 4.371526089820244043e-01
2.067212209110248500e-01 7.932787790889752610e-01
5.579070666141641155e-01 4.420929333858359400e-01
5.000000000000000000e-01 5.000000000000000000e-01
7.835705052214808619e-01 2.164294947785191103e-01
7.100462657289684509e-01 2.899537342710314936e-01
5.392864548164796323e-01 4.607135451835202566e-01
7.965797018972029520e-01 2.034202981027969648e-01
8.971757658946695191e-01 1.028242341053302866e-01
8.730571864872836985e-01 1.269428135127162460e-01
8.389380522446068245e-01 1.610619477553933143e-01
7.314297910758700283e-01 2.685702089241299162e-01
6.032103470112043508e-01 3.967896529887957047e-01
2.605048385416255941e-01 7.394951614583745725e-01
1.065437533529399738e-01 8.934562466470599151e-01
8.084578927120039671e-01 1.915421072879960052e-01
4.779101314671856948e-01 5.220898685328142497e-01
2.669923562249090776e-01 7.330076437750908669e-01
7.965474019574666498e-01 2.034525980425334057e-01
6.626910392009711659e-01 3.373089607990288341e-01
8.734557441999560856e-01 1.265442558000437201e-01
2.441164936941019326e-01 7.558835063058980674e-01
3.528573064296548489e-01 6.471426935703453731e-01
2.013917186779543289e-01 7.986082813220458654e-01
2.059636368343269464e-01 7.940363631656731647e-01
6.180660773969941513e-01 3.819339226030057932e-01
7.466806348940526750e-01 2.533193651059473250e-01
3.545564075343761723e-01 6.454435924656237722e-01
1.740023185270193340e-01 8.259976814729806938e-01
2.276918479671563023e-01 7.723081520328437533e-01
5.277323205889415947e-01 4.722676794110587384e-01
5.000000000000000000e-01 5.000000000000000000e-01
4.711445365561741649e-01 5.288554634438258351e-01
1.601982043665765021e-01 8.398017956334234979e-01
7.495728265162697745e-01 2.504271734837303365e-01
2.648376142137714440e-01 7.351623857862286116e-01
7.324495532910738627e-01 2.675504467089261373e-01
1.673187234611080709e-01 8.326812765388919013e-01
3.914802385315737515e-02 9.608519761468427012e-01
3.479655120266950119e-01 6.520344879733050991e-01
7.677768534547279033e-01 2.322231465452720411e-01
7.746374419299876246e-01 2.253625580700125697e-01
7.806194406589980206e-01 2.193805593410021182e-01
5.764355567319262574e-01 4.235644432680738536e-01
8.680491437314017400e-01 1.319508562685982878e-01
4.082245058985155550e-01 5.917754941014844450e-01
1.565520535270498170e-01 8.434479464729499609e-01
1.015437047700147311e-01 8.984562952299849359e-01
8.194371808904067356e-01 1.805628191095932644e-01
3.289606180715977657e-01 6.710393819284022898e-01
6.421365832513591387e-01 3.578634167486408058e-01
7.324160623688287242e-01 2.675839376311713314e-01
5.126914378280812423e-01 4.873085621719188687e-01
4.585076021264367641e-01 5.414923978735631804e-01
5.819471256365956746e-01 4.180528743634042144e-01
8.684788255658416889e-02 9.131521174434157340e-01
2.111146082473303320e-01 7.888853917526696957e-01
7.418005458814043163e-01 2.581994541185956837e-01
7.117313496934569717e-01 2.882686503065428618e-01
7.790360106838388754e-01 2.209639893161611524e-01
5.505490761301758962e-01 4.494509238698242704e-01
7.374413696949235764e-01 2.625586303050764236e-01
7.426819157606205923e-01 2.573180842393794632e-01
7.239769909135367332e-01 2.760230090864631003e-01
5.174534700001255372e-01 4.825465299998744073e-01
8.139488556263811958e-01 1.860511443736187209e-01
4.914865995373704499e-01 5.085134004626297166e-01
4.931979671621498085e-01 5.068020328378503025e-01
8.324397112694207346e-01 1.675602887305791822e-01
2.197749695052712560e-01 7.802250304947286885e-01
8.052811267260803207e-01 1.947188732739195960e-01
3.043913512306215541e-01 6.956086487693783349e-01
4.218778630395678131e-01 5.781221369604322424e-01
1.436713403392023414e-01 8.563286596607975198e-01
7.858975576084785697e-01 2.141024423915214581e-01
6.509859813680829443e-01 3.490140186319170557e-01
4.012742794878270680e-01 5.987257205121729875e-01
4.739764165236183269e-01 5.260235834763814511e-01
8.237651808059487379e-01 1.762348191940513453e-01
7.304605908285823901e-01 2.695394091714177209e-01
2.761427235519809398e-01 7.238572764480190047e-01
3.752484494829845252e-01 6.247515505170154748e-01
9.015581171320031784e-01 9.844188286799666898e-02
4.538029621312327233e-01 5.461970378687673877e-01
7.895102248608971696e-01 2.104897751391028582e-01
3.852241295359603024e-01 6.147758704640396976e-01
6.835848234067384288e-01 3.164151765932615712e-01
7.537923834942480417e-01 2.462076165057516808e-01
1.348527416482813157e-01 8.651472583517186843e-01
3.438937533900484622e-01 6.561062466099514268e-01
4.468598636285893710e-01 5.531401363714104624e-01
6.377098766409209363e-01 3.622901233590790637e-01
8.325428007204155323e-01 1.674571992795845232e-01
1.634007173992397810e-01 8.365992826007604410e-01
8.087439961904014929e-01 1.912560038095987291e-01
3.716998288637934911e-01 6.283001711362063979e-01
5.134629991123288439e-01 4.865370008876709340e-01
1.885847834191794192e-01 8.114152165808207195e-01
5.944127056041940138e-01 4.055872943958059862e-01
5.000000000000000000e-01 5.000000000000000000e-01
8.201716979288234954e-01 1.798283020711763380e-01
5.238083181466256510e-01 4.761916818533744045e-01
5.000000000000000000e-01 5.000000000000000000e-01
6.002786973643452484e-01 3.997213026356546406e-01
6.453273783217206017e-01 3.546726216782793983e-01
7.431680823192492458e-01 2.568319176807506987e-01
9.036569887548949742e-01 9.634301124510502579e-02
6.722425061260508539e-01 3.277574938739491461e-01
8.374620621543678034e-01 1.625379378456322244e-01
7.669498564732257773e-01 2.330501435267741950e-01
8.013106377480615494e-01 1.986893622519384506e-01
3.193745116631580006e-01 6.806254883368419994e-01
3.268218448144266097e-01 6.731781551855734458e-01
7.654944921591428919e-01 2.345055078408570526e-01
7.308493477258645177e-01 2.691506522741353713e-01
3.228355721056838656e-01 6.771644278943161899e-01
3.346236091891697240e-01 6.653763908108303315e-01
3.521990011034148438e-01 6.478009988965851562e-01
7.639821272097477856e-01 2.360178727902523255e-01
7.213447260898825375e-01 2.786552739101175735e-01
4.843835383428385932e-01 5.156164616571614623e-01
4.630798923848629123e-01 5.369201076151370877e-01
8.307216990369121756e-01 1.692783009630878521e-01
3.554511183247614503e-01 6.445488816752387162e-01
2.459234827328345141e-01 7.540765172671652916e-01
4.462915399483194934e-01 5.537084600516805066e-01
2.902239657674367534e-01 7.097760342325633021e-01
7.699345932621810551e-01 2.300654067378187506e-01
6.818117783466565163e-01 3.181882216533435948e-01
6.362877221179122911e-01 3.637122778820875979e-01
6.099891594284764240e-01 3.900108405715235760e-01
7.345753333561066967e-01 2.654246666438933588e-01
8.752768370991773628e-01 1.247231629008225123e-01
4.299987712536940121e-01 5.700012287463059879e-01
7.673578812522651171e-01 2.326421187477348274e-01
3.052012657205590007e-01 6.947987342794408328e-01
7.246823915892752765e-01 2.753176084107247790e-01
6.054860961050569923e-01 3.945139038949430077e-01
9.685677953976262744e-02 9.031432204602376501e-01
8.075909057721428752e-01 1.924090942278570970e-01
3.506094776918374789e-01 6.493905223081626321e-01
4.221226124568372984e-01 5.778773875431627571e-01
1.681553415036792509e-01 8.318446584963208323e-01
5.472769767123262241e-01 4.527230232876737759e-01
2.196008930557055705e-01 7.803991069442943740e-01
6.671792223611251460e-01 3.328207776388749095e-01
6.074296482866742286e-01 3.925703517133257159e-01
6.527562936178690212e-01 3.472437063821308678e-01
8.399404527440191837e-01 1.600595472559809829e-01
7.397038072337139836e-01 2.602961927662858499e-01
7.935087948671648572e-01 2.064912051328353093e-01
6.143866003639016915e-01 3.856133996360984195e-01
1.885518774481069748e-01 8.114481225518930252e-01
6.306664224260540852e-01 3.693335775739460258e-01
1.403340256108299988e-01 8.596659743891701400e-01
5.171922613840568284e-01 4.828077386159430051e-01
6.047272268399177531e-01 3.952727731600823580e-01
4.588905924651716650e-01 5.411094075348283905e-01
7.018549937433591346e-01 2.981450062566409764e-01
2.887307420352813181e-01 7.112692579647186264e-01
5.771941589028914965e-01 4.228058410971086700e-01
5.547794047332859080e-01 4.452205952667138700e-01
7.199997349456789264e-01 2.800002650543211291e-01
4.531338366515422766e-01 5.468661633484577234e-01
7.497092902852966478e-01 2.502907097147034632e-01
7.831198042770833867e-01 2.168801957229164190e-01
6.494003817079426755e-01 3.505996182920573245e-01
4.934622222314128948e-01 5.065377777685871052e-01
7.440527440359520073e-01 2.559472559640479927e-01
6.901767999422983024e-01 3.098232000577016976e-01
5.419801243668890267e-01 4.580198756331108623e-01
3.376188767494798793e-01 6.623811232505200097e-01
8.260281763729464544e-01 1.739718236270534346e-01
9.712639390978543286e-02 9.028736060902146088e-01
7.675065963434338778e-01 2.324934036565661222e-01
7.751276253785879256e-01 2.248723746214120467e-01
9.224045145234596177e-01 7.759548547654029904e-02
6.622606833871805820e-01 3.377393166128194180e-01
6.026698881415668563e-01 3.973301118584331992e-01
5.379373951447782298e-01 4.620626048552217147e-01
6.707315436641229089e-01 3.292684563358769800e-01
6.885793094504439882e-01 3.114206905495561784e-01
4.689345372724958438e-01 5.310654627275043227e-01
3.240633576280081002e-02 9.675936642371990581e-01
8.306296227149426725e-01 1.693703772850570222e-01
5.915340627331117096e-01 4.084659372668883459e-01
7.690895868541048896e-01 2.309104131458948606e-01
7.382484118985104260e-01 2.617515881014895185e-01
5.200946770975723998e-01 4.799053229024276002e-01
3.823180604329014520e-01 6.176819395670984925e-01
3.829178739836886503e-01 6.170821260163111832e-01
8.241463957162882270e-01 1.758536042837117730e-01
6.661105850603279421e-01 3.338894149396720024e-01
2.749172038971195442e-01 7.250827961028801782e-01
6.709780078447525886e-01 3.290219921552474669e-01
6.769991464194214936e-01 3.230008535805785064e-01
9.317264143966522694e-01 6.827358560334793880e-02
5.510292817948990729e-01 4.489707182051010381e-01
5.279253396158335443e-01 4.720746603841662337e-01
9.121456037400533789e-01 8.785439625994660717e-02
2.206616782333808147e-01 7.793383217666188800e-01
6.370145035154821667e-01 3.629854964845179444e-01
2.987681430502885371e-01 7.012318569497114629e-01
6.036014318293589920e-01 3.963985681706410635e-01
4.467329089536262732e-01 5.532670910463737268e-01
2.796313187545656498e-01 7.203686812454341837e-01
6.939767412333213148e-01 3.060232587666785187e-01
6.264671577636479749e-02 9.373532842236352858e-01
7.449851732638836932e-01 2.550148267361160848e-01
8.272519260614249470e-01 1.727480739385750808e-01
1.999108197225138717e-01 8.000891802774859896e-01
4.487113009811096176e-01 5.512886990188902159e-01
3.539610111426789163e-01 6.460389888573210282e-01
2.995688349567833808e-01 7.004311650432167857e-01
5.080984541453454906e-01 4.919015458546543429e-01
7.147466847603172191e-01 2.852533152396827254e-01
5.000000000000000000e-01 5.000000000000000000e-01
3.436873520380391289e-01 6.563126479619609821e-01
7.925305667303638169e-01 2.074694332696362664e-01
8.565943853313032763e-01 1.434056146686966127e-01
6.350534183574966240e-01 3.649465816425034315e-01
8.959001005894122738e-01 1.040998994105875597e-01
5.938068974802576117e-01 4.061931025197423883e-01
6.301998567996889289e-01 3.698001432003111266e-01
2.783585019874870170e-01 7.216414980125130940e-01
2.645712141155991959e-01 7.354287858844008596e-01
4.481180727004820397e-01 5.518819272995180159e-01
1.785896980421575186e-01 8.214103019578424814e-01
7.602783423084020775e-01 2.397216576915981168e-01
8.353283449840206432e-01 1.646716550159792736e-01
7.574653401398450114e-01 2.425346598601549331e-01
7.995295720202173495e-01 2.004704279797825395e-01
2.356940346513569651e-01 7.643059653486430349e-01
7.420667332991669474e-01 2.579332667008331081e-01
8.329117442166718011e-01 1.670882557833280047e-01
7.666961617949592522e-01 2.333038382050407478e-01
7.495863259704814430e-02 9.250413674029518418e-01
4.335665623698001792e-01 5.664334376301998208e-01
1.014957389666853310e-01 8.985042610333147106e-01
7.509635860916133998e-01 2.490364139083867112e-01
8.592803082560847017e-01 1.407196917439152983e-01
6.612065531434275778e-01 3.387934468565724222e-01
2.864249941381805664e-01 7.135750058618194336e-01
2.927521035896411550e-01 7.072478964103589005e-01
8.563438902356278470e-01 1.436561097643723472e-01
3.109057650198868150e-01 6.890942349801130185e-01
1.415485140742629433e-01 8.584514859257369457e-01
2.510186569689930314e-02 9.748981343031007940e-01
5.919140127114959071e-01 4.080859872885041484e-01
5.508478416454696269e-01 4.491521583545304286e-01
5.123342200259926038e-01 4.876657799740073407e-01
7.738127077463528014e-01 2.261872922536470876e-01
8.009378713969548258e-01 1.990621286030453685e-01
1.406912457943296224e-01 8.593087542056702111e-01
5.814202941066755059e-01 4.185797058933244386e-01
3.699755474819610979e-01 6.300244525180387356e-01
5.082613778372195856e-01 4.917386221627803589e-01
8.393138562637495470e-01 1.606861437362505640e-01
1.072023151917265160e-01 8.927976848082733730e-01
5.000000000000000000e-01 5.000000000000000000e-01
2.147047212955289497e-01 7.852952787044711336e-01
7.203601241099797381e-01 2.796398758900201509e-01
2.266463342551182369e-01 7.733536657448817353e-01
8.007154878839096712e-01 1.992845121160902178e-01
5.893025780967344751e-01 4.106974219032655249e-01
5.719261155415301667e-01 4.280738844584699443e-01
6.893731645620504445e-01 3.106268354379497776e-01
7.165070905658774691e-01 2.834929094341224753e-01
7.995251226032170644e-01 2.004748773967827413e-01
7.792785105440952487e-01 2.207214894559048068e-01
1.534724997631271570e-01 8.465275002368728430e-01
5.000000000000000000e-01 5.000000000000000000e-01
7.751444347565351611e-01 2.248555652434648944e-01
6.183941022601279203e-01 3.816058977398719687e-01
3.467564864373966493e-01 6.532435135626032396e-01
5.902310558416048458e-01 4.097689441583950987e-01
6.231241561123948003e-01 3.768758438876050887e-01
7.788157362898473490e-01 2.211842637101526232e-01
7.226611851394922903e-01 2.773388148605077097e-01
8.876324575398316652e-01 1.123675424601681960e-01
7.244556701296818169e-01 2.755443298703184052e-01
1.276216423141016965e-01 8.723783576858982203e-01
1.540737410507539706e-01 8.459262589492461126e-01
6.270823189469383330e-01 3.729176810530616115e-01
2.722271971000624902e-01 7.277728028999375098e-01
6.276828032151337000e-01 3.723171967848664665e-01
7.192166135248713177e-01 2.807833864751289599e-01
5.323785183056883863e-01 4.676214816943113917e-01
4.789229693945774025e-01 5.210770306054226531e-01
2.718955928084235696e-01 7.281044071915765414e-01
7.054583926572483010e-01 2.945416073427518100e-01
6.530345159387715981e-01 3.469654840612283464e-01
7.888018088695791796e-01 2.111981911304208204e-01
6.324917386401517350e-01 3.675082613598481540e-01
4.567681092477274829e-01 5.432318907522724061e-01
2.700286417581601595e-01 7.299713582418398961e-01
8.346773987723147270e-01 1.653226012276851620e-01
7.599653820639397095e-01 2.400346179360604015e-01
3.912285808739792148e-01 6.087714191260208407e-01
8.023719073739057350e-01 1.976280926260942372e-01
7.107877102385125045e-01 2.892122897614876065e-01
5.145580797705184839e-01 4.854419202294816826e-01
5.812350186591230816e-01 4.187649813408769739e-01
5.146813660866771389e-01 4.853186339133230276e-01
5.625992061352911300e-01 4.374007938647089255e-01
1.894321721828369220e-01 8.105678278171629669e-01
7.622920898244955890e-01 2.377079101755044666e-01
6.441033062280592247e-01 3.558966937719407198e-01
8.496926834977941434e-01 1.503073165022058566e-01
6.421566360139921992e-01 3.578433639860078008e-01
7.284789895018969341e-01 2.715210104981031769e-01
4.594733032985777177e-01 5.405266967014221713e-01
7.652833579948965514e-01 2.347166420051036151e-01
4.622522996210038371e-01 5.377477003789961074e-01
1.288386577417379164e-01 8.711613422582621391e-01
5.652744296611204033e-01 4.347255703388794856e-01
3.469083777708611427e-01 6.530916222291387463e-01
6.438186105871008813e-01 3.561813894128991742e-01
3.528146034084578275e-01 6.471853965915421725e-01
7.539292659488290305e-01 2.460707340511708308e-01
2.301175292752995760e-01 7.698824707247003962e-01
2.119263643356092686e-01 7.880736356643904816e-01
8.727072319451847360e-01 1.272927680548154583e-01
8.349595027517835444e-01 1.650404972482164556e-01
3.115942982810324668e-01 6.884057017189677552e-01
7.662434040688395065e-01 2.337565959311606323e-01
5.162826040915740045e-01 4.837173959084262176e-01
8.363713757695099282e-01 1.636286242304900440e-01
7.402536378998691990e-01 2.597463621001306899e-01
7.373881476573154181e-01 2.626118523426844709e-01
3.717148205585167897e-01 6.282851794414833213e-01
7.136686031169171551e-01 2.863313968830829559e-01
8.189526240093737419e-01 1.810473759906263413e-01
2.685175976331479961e-02 9.731482402366851137e-01
8.552591035368106720e-01 1.447408964631894390e-01
1.590098947322836909e-01 8.409901052677165589e-01
1.468263877211402058e-01 8.531736122788599053e-01
4.856029721895295248e-01 5.143970278104703642e-01
3.534498831952880837e-01 6.465501168047118608e-01
1.561877445974730882e-01 8.438122554025269118e-01
7.530301934048042600e-01 2.469698065951958510e-01
8.060122728978666995e-01 1.939877271021330229e-01
8.817182048254533777e-01 1.182817951745465807e-01
4.351075511888228275e-01 5.648924488111771725e-01
8.083209928609330630e-01 1.916790071390670758e-01
4.853122984435536136e-01 5.146877015564463864e-01
3.831319610704017609e-01 6.168680389295980726e-01
7.209829603382351682e-01 2.790170396617647763e-01
6.440329025128760376e-01 3.559670974871239624e-01
8.185663328690840901e-01 1.814336671309159932e-01
7.196936666804127913e-01 2.803063333195873197e-01
2.721411936599152925e-01 7.278588063400848185e-01
8.411429608704055205e-01 1.588570391295943407e-01
4.450682049813902141e-01 5.549317950186098969e-01
2.624206323885932557e-01 7.375793676114065223e-01
8.098957899541477934e-01 1.901042100458522899e-01
6.453939998534902189e-01 3.546060001465099476e-01
5.721809273952195296e-01 4.278190726047803594e-01
6.391368006445392602e-01 3.608631993554606288e-01
6.925020235922441092e-01 3.074979764077557243e-01
4.462711864796354289e-01 5.537288135203646267e-01
2.427512523158411317e-01 7.572487476841589515e-01
3.953967219122789256e-01 6.046032780877211854e-01
7.531471885748417527e-01 2.468528114251582473e-01
7.952107836119606254e-01 2.047892163880395411e-01
4.811125946698328049e-01 5.188874053301670841e-01
5.439966940630056591e-01 4.560033059369943409e-01
1.866959763413303386e-01 8.133040236586697169e-01
4.566633120084575559e-01 5.433366879915422221e-01
7.463976488192475278e-01 2.536023511807524722e-01
5.322581382897209057e-01 4.677418617102790388e-01
8.314726493892278247e-01 1.685273506107724528e-01
3.257803765364746806e-01 6.742196234635253749e-01
5.842626304951475946e-01 4.157373695048524054e-01
7.297711216597454476e-01 2.702288783402546080e-01
7.953610591443897038e-01 2.046389408556101019e-01
4.765458755858438256e-01 5.234541244141561744e-01
8.900563532178060733e-01 1.099436467821937741e-01
1.931651009890723025e-01 8.068348990109277530e-01
8.296325208233951143e-01 1.703674791766048580e-01
6.717380742982467234e-01 3.282619257017532211e-01
1.251396610408037902e-01 8.748603389591962376e-01
6.832211131084794387e-01 3.167788868915205058e-01
4.897622650249475740e-01 5.102377349750525370e-01
8.136461279614707331e-01 1.863538720385293501e-01
2.182727969678285584e-01 7.817272030321714693e-01
3.542186010192020784e-02 9.645781398980799448e-01
6.628722170024091698e-01 3.371277829975908302e-01
7.630329589032297521e-01 2.369670410967700813e-01
7.034559564403948251e-01 2.965440435596051749e-01
7.167931124621585992e-01 2.832068875378411232e-01
7.086431569587641199e-01 2.913568430412358801e-01
7.645338469683842231e-01 2.354661530316156104e-01
7.209055063017926201e-01 2.790944936982072688e-01
6.583601852107983099e-01 3.416398147892015236e-01
7.961813646932178190e-02 9.203818635306781903e-01
4.202740789151641065e-01 5.797259210848361155e-01
2.539578884111950985e-01 7.460421115888049570e-01
3.619754531453310276e-01 6.380245468546688059e-01
4.016321573978230974e-01 5.983678426021770136e-01
2.764887992057644128e-01 7.235112007942356982e-01
8.524866674526899724e-01 1.475133325473100276e-01
3.390695437941514401e-01 6.609304562058484489e-01
5.969312221856407641e-01 4.030687778143593469e-01
6.058443136238575999e-01 3.941556863761424001e-01
4.414589170986450983e-01 5.585410829013548462e-01
8.305693610057804932e-01 1.694306389942196178e-01
6.434615222881894248e-01 3.565384777118105197e-01
2.579829171702239798e-01 7.420170828297761867e-01
6.475575102119514037e-01 3.524424897880484853e-01
6.694621417942171471e-01 3.305378582057827974e-01
3.951749637697193895e-01 6.048250362302804994e-01
9.003429835575597895e-02 9.099657016442439517e-01
7.718746036482503348e-01 2.281253963517496930e-01
4.231109895598285653e-01 5.768890104401714902e-01
5.104817459855668371e-01 4.895182540144332184e-01
8.868394874650762372e-01 1.131605125349237351e-01
2.258862265970337235e-01 7.741137734029660544e-01
7.967486481383252439e-01 2.032513518616747283e-01
7.942496248325282560e-01 2.057503751674716608e-01
7.163488813436807989e-01 2.836511186563189790e-01
8.606814481648510373e-01 1.393185518351491015e-01
3.186294020582436937e-01 6.813705979417561398e-01
8.718797245532031726e-01 1.281202754467969107e-01
5.091615876770160254e-01 4.908384123229838081e-01
4.287346075904858722e-01 5.712653924095141278e-01
6.901218508638365390e-02 9.309878149136163739e-01
2.460947071195262736e-01 7.539052928804736986e-01
7.463474763031214820e-01 2.536525236968786845e-01
8.977152193272374125e-01 1.022847806727625458e-01
5.908392489859231045e-01 4.091607510140768955e-01
3.526143018289454312e-01 6.473856981710544023e-01
5.833797335861499178e-01 4.166202664138501377e-01
8.225015275904276058e-01 1.774984724095724498e-01
4.755370083763608147e-01 5.244629916236390743e-01
8.653390109871483826e-01 1.346609890128514508e-01
4.906960362067115389e-01 5.093039637932884611e-01
4.637155252525119731e-01 5.362844747474878604e-01
5.626216935047551049e-01 4.373783064952448951e-01
3.352753363977800660e-01 6.647246636022200450e-01
1.138477252288248309e-01 8.861522747711753079e-01
2.351984290698249658e-01 7.648015709301754228e-01
7.784849358304611888e-01 2.215150641695388389e-01
4.744567817772625262e-01 5.255432182227375293e-01
5.897568675136372063e-01 4.102431324863627937e-01
1.137640781287999614e-01 8.862359218712001496e-01
8.432773563218288748e-01 1.567226436781712640e-01
5.000000000000000000e-01 5.000000000000000000e-01
7.424652486926146266e-02 9.257534751307382459e-01
6.968565319556284665e-01 3.031434680443714780e-01
5.117234757743460705e-01 4.882765242256538740e-01
6.205751720864257637e-01 3.794248279135741253e-01
3.380703703634327373e-02 9.661929629636566430e-01
6.379555036924373645e-01 3.620444963075624689e-01
4.618588071828790831e-01 5.381411928171209169e-01
4.611952130239988512e-01 5.388047869760012043e-01
5.678477520969207326e-01 4.321522479030794339e-01
3.531150450134217800e-01 6.468849549865781645e-01
2.763839302230169381e-01 7.236160697769830064e-01
7.258997173463086483e-01 2.741002826536911297e-01
8.309176552859497411e-01 1.690823447140502866e-01
7.659342110754369104e-01 2.340657889245632561e-01
7.613569308157648319e-01 2.386430691842352791e-01
6.952041844931734493e-01 3.047958155068263286e-01
5.437176620852848252e-01 4.562823379147151748e-01
4.860753332436023588e-01 5.139246667563976967e-01
6.318670967580114484e-01 3.681329032419884961e-01
3.171937721607451244e-01 6.828062278392549311e-01
6.228820009036984962e-01 3.771179990963013373e-01
1.791544565570185876e-01 8.208455434429813291e-01
2.872568244385403924e-01 7.127431755614593856e-01
9.456965473802919631e-02 9.054303452619708592e-01
5.000000000000000000e-01 5.000000000000000000e-01
6.231848116262987958e-01 3.768151883737011487e-01
6.206555066108776497e-01 3.793444933891221282e-01
7.252151132625992425e-01 2.747848867374008131e-01
2.215486337616777157e-01 7.784513662383222288e-01
7.202811094347496557e-01 2.797188905652503998e-01
5.566926976958397333e-01 4.433073023041602112e-01
9.475939747177671013e-02 9.052406025282233593e-01
6.390194853709296741e-01 3.609805146290702704e-01
1.261957157995753087e-01 8.738042842004246635e-01
2.306284966170811523e-01 7.693715033829185979e-01
8.343894210124469524e-01 1.656105789875531864e-01
6.846948435762588714e-01 3.153051564237411841e-01
6.232814534936339523e-01 3.767185465063659922e-01
7.569372322905620898e-01 2.430627677094381323e-01
8.417926614043027556e-01 1.582073385956971612e-01
8.511894264226398388e-01 1.488105735773602722e-01
6.798708544199849602e-01 3.201291455800150954e-01
6.572516573848561361e-01 3.427483426151439194e-01
7.428700063818522992e-01 2.571299936181477563e-01
1.178125769150174251e-01 8.821874230849824361e-01
6.152857966029865455e-01 3.847142033970133435e-01
3.632105754775019624e-01 6.367894245224979821e-01
2.906718221469878349e-01 7.093281778530123871e-01
7.648613500828562728e-01 2.351386499171435884e-01
4.859423187192855598e-01 5.140576812807144957e-01
5.000000000000000000e-01 5.000000000000000000e-01
5.086731235498942461e-01 4.913268764501055874e-01
3.888442126911301755e-01 6.111557873088699910e-01
7.923270009035578987e-01 2.076729990964420458e-01
6.324049637337484375e-01 3.675950362662515070e-01
7.297912352059925389e-01 2.702087647940073500e-01
7.692271533898877856e-01 2.307728466101120479e-01
2.639392811788847104e-01 7.360607188211154561e-01
2.900842616884860004e-01 7.099157383115138886e-01
6.035794121008811741e-01 3.964205878991188814e-01
4.510590543647086670e-01 5.489409456352912775e-01
4.135742677491425767e-01 5.864257322508574788e-01
7.975029788701244460e-01 2.024970211298756095e-01
4.941347753824803513e-01 5.058652246175195932e-01
5.883313303019038765e-01 4.116686696980960125e-01
5.576824808113864940e-01 4.423175191886135060e-01
5.873025971228157394e-01 4.126974028771843717e-01
2.220856093987099988e-01 7.779143906012899734e-01
8.085721067642628324e-01 1.914278932357371954e-01
6.693091502342485288e-01 3.306908497657516377e-01
6.270663040569334212e-01 3.729336959430665788e-01
3.499007021856920252e-01 6.500992978143080858e-01
8.893278886666302618e-01 1.106721113333698214e-01
7.821450207562943291e-01 2.178549792437057542e-01
3.013574101395514737e-01 6.986425898604482487e-01
7.619772979062188201e-01 2.380227020937810412e-01
7.300165982399888787e-01 2.699834017600110658e-01
5.227577507768786935e-01 4.772422492231214730e-01
7.209965682769658990e-02 9.279003431723034101e-01
5.587538477614540922e-01 4.412461522385456858e-01
6.359390573833672011e-01 3.640609426166328544e-01
2.447039060913142050e-01 7.552960939086857950e-01
4.518080139427853581e-01 5.481919860572146419e-01
7.625912457848256221e-01 2.374087542151744334e-01
1.686026410475151283e-01 8.313973589524848995e-01
7.859198834138154677e-01 2.140801165861843935e-01
2.551693569517244908e-01 7.448306430482753981e-01
7.000404886913592639e-01 2.999595113086406806e-01
3.253055883081586858e-02 9.674694411691843188e-01
7.849180801504904714e-01 2.150819198495096951e-01
2.928637553553765094e-01 7.071362446446234351e-01
8.797167094265037068e-01 1.202832905734963764e-01
5.974416436506481132e-01 4.025583563493518313e-01
8.428350895936065346e-01 1.571649104063934654e-01
4.855943688897376154e-01 5.144056311102624957e-01
5.100312331859040427e-01 4.899687668140960684e-01
2.936987502113501680e-01 7.063012497886500540e-01
2.285620390801945123e-01 7.714379609198055432e-01
5.670137895805620332e-01 4.329862104194380779e-01
6.321092116980570053e-01 3.678907883019429392e-01
7.929111297377088308e-01 2.070888702622911415e-01
5.915373943753723385e-01 4.084626056246276060e-01
2.101577352042686975e-01 7.898422647957313858e-01
7.174507550155980740e-01 2.825492449844018705e-01
5.199797450140465349e-01 4.800202549859533541e-01
6.041297244782281028e-01 3.958702755217718416e-01
8.291305856983940403e-01 1.708694143016060429e-01
7.394844401578051230e-01 2.605155598421950991e-01
6.830686682817249666e-01 3.169313317182751999e-01
6.677527631091662030e-01 3.322472368908337415e-01
5.980325929714287447e-01 4.019674070285713108e-01
1.796438776120077574e-01 8.203561223879922704e-01
4.868334500130246378e-01 5.131665499869753067e-01
6.372266767383788499e-01 3.627733232616212056e-01
6.349732174656859129e-01 3.650267825343141426e-01
4.734533590320665342e-01 5.265466409679333548e-01
7.598487562915428040e-01 2.401512437084571128e-01
7.708062443279227738e-01 2.291937556720770874e-01
5.624241547080010006e-01 4.375758452919991104e-01
7.180146489186322034e-01 2.819853510813675190e-01
5.392367127822252915e-01 4.607632872177747640e-01
6.244962190702425531e-01 3.755037809297573914e-01
5.301849250564159011e-01 4.698150749435840989e-01
5.720019516359757805e-01 4.279980483640242195e-01
2.092711989136687156e-01 7.907288010863312566e-01
9.047793145325966346e-01 9.522068546740346251e-02
6.625489938641354604e-01 3.374510061358645396e-01
7.840538295247562184e-01 2.159461704752437261e-01
3.685709587508667062e-01 6.314290412491332383e-01
7.399332197373015285e-01 2.600667802626986935e-01
4.226746132872662987e-01 5.773253867127337013e-01
1.963659416369799016e-01 8.036340583630200429e-01
6.299840340473042977e-01 3.700159659526957023e-01
6.551451283051139551e-01 3.448548716948860449e-01
7.735598309272094797e-01 2.264401690727904648e-01
4.031901728775114102e-01 5.968098271224887563e-01
6.320793000210340740e-01 3.679206999789658705e-01
1.890790774943428842e-01 8.109209225056572823e-01
6.895430097970746131e-01 3.104569902029255535e-01
7.264991593421111782e-01 2.735008406578886553e-01
2.011515739366284694e-01 7.988484260633715861e-01
8.494278359607021489e-01 1.505721640392977678e-01
6.930694027721705508e-01 3.069305972278296157e-01
5.545206284422277143e-01 4.454793715577724522e-01
1.277877661857235725e-01 8.722122338142764830e-01
4.385673327943093169e-01 5.614326672056908496e-01
2.485150805480285940e-01 7.514849194519714892e-01
2.578969178008598817e-01 7.421030821991402293e-01
7.936839384795448815e-01 2.063160615204550630e-01
1.727193888667754862e-01 8.272806111332245971e-01
4.597924751028301116e-01 5.402075248971698329e-01
4.549659707674956199e-01 5.450340292325044356e-01
6.366464406928131758e-01 3.633535593071868242e-01
2.517283476146274235e-01 7.482716523853725210e-01
3.173074085032777103e-01 6.826925914967224562e-01
4.327782452927494972e-01 5.672217547072506694e-01
7.277087815697764750e-01 2.722912184302238026e-01
5.180235037093654515e-01 4.819764962906346040e-01
8.098238116626716998e-01 1.901761883373285500e-01
7.025259101930341199e-01 2.974740898069659911e-01
4.436917423295284602e-01 5.563082576704715398e-01
5.852681592587438697e-01 4.147318407412559638e-01
5.982307835910389837e-01 4.017692164089611273e-01
7.939904974136011706e-01 2.060095025863988294e-01
3.668987534892774183e-01 6.331012465107226372e-01
1.624597508125848466e-01 8.375402491874148758e-01
3.260346720738296344e-01 6.739653279261701435e-01
6.291454219444190255e-01 3.708545780555809745e-01
8.244730008016638578e-01 1.755269991983361977e-01
1.400547178849317620e-01 8.599452821150682658e-01
5.813572103786470713e-01 4.186427896213528732e-01
2.698654655292132554e-01 7.301345344707865781e-01
1.541153358047948341e-01 8.458846641952050271e-01
6.487525624479312247e-01 3.512474375520687753e-01
8.268663892494897139e-02 9.173133610750511258e-01
7.435165198930169250e-01 2.564834801069829640e-01
1.703916983308145228e-01 8.296083016691853107e-01
7.973812708984571174e-01 2.026187291015427161e-01
5.598085150362773765e-01 4.401914849637226235e-01
6.711177493434477004e-01 3.288822506565524106e-01
4.729946612026701969e-01 5.270053387973299142e-01
3.826143302317982497e-01 6.173856697682018613e-01
8.358223561052158246e-01 1.641776438947842032e-01
1.424302513209703414e-01 8.575697486790297974e-01
3.043082227357706837e-01 6.956917772642295938e-01
4.646700803235090937e-01 5.353299196764909063e-01
4.120099458125232594e-01 5.879900541874766295e-01
6.836154529783026179e-01 3.163845470216973821e-01
7.172607505924614990e-02 9.282739249407537807e-01
7.640303105789483240e-01 2.359696894210516205e-01
5.095949805573424252e-01 4.904050194426575748e-01
5.575358812950038656e-01 4.424641187049961344e-01
8.305929600620927111e-01 1.694070399379072611e-01
4.437450468854271524e-01 5.562549531145728476e-01
9.591457196492819692e-02 9.040854280350719696e-01
4.529145749154193656e-01 5.470854250845805788e-01
4.589814629053755035e-01 5.410185370946244410e-01
8.633495050357316014e-01 1.366504949642685929e-01
7.707849139775367897e-01 2.292150860224629050e-01
7.971760053272568536e-01 2.028239946727431464e-01
4.410941994424826262e-01 5.589058005575174848e-01
7.369407586496230511e-01 2.630592413503770044e-01
7.888900300356681550e-01 2.111099699643319560e-01
2.921546556139594242e-01 7.078453443860404093e-01
7.715172008618470523e-01 2.284827991381528922e-01
7.964829108379254397e-01 2.035170891620745603e-01
7.117001725928115974e-01 2.882998274071882916e-01
2.577715666270424255e-01 7.422284333729576300e-01
2.420091460185629928e-01 7.579908539814369517e-01
6.876587346560094627e-01 3.123412653439904818e-01
1.277761753605683726e-01 8.722238246394313776e-01
5.700758299681286667e-01 4.299241700318713333e-01
7.575419439370301156e-01 2.424580560629699677e-01
2.807917323113173214e-01 7.192082676886825121e-01
7.530640146276861291e-01 2.469359853723137044e-01
2.946622627044107046e-01 7.053377372955893509e-01
6.549290226470394494e-01 3.450709773529603841e-01
7.554060431275987364e-01 2.445939568724012358e-01
7.524065451269307259e-01 2.475934548730694684e-01
4.966132020941412678e-02 9.503386797905858385e-01
3.927642924034938643e-01 6.072357075965062467e-01
1.357101046807734912e-01 8.642898953192265088e-01
7.575355807082564397e-01 2.424644192917435881e-01
6.491898961775001142e-01 3.508101038224999413e-01
7.677660408764529487e-01 2.322339591235471901e-01
4.267927583350574205e-01 5.732072416649427460e-01
1.216494829992424143e-01 8.783505170007577245e-01
6.145940684057934478e-01 3.854059315942064967e-01
5.203873247285641934e-01 4.796126752714358066e-01
7.894049915148281249e-01 2.105950084851718751e-01
6.717497846185234156e-01 3.282502153814765289e-01
7.396577599801112957e-01 2.603422400198886488e-01
3.236020816160929958e-01 6.763979183839070597e-01
7.933119935919606958e-01 2.066880064080390822e-01
5.000000000000000000e-01 5.000000000000000000e-01
7.758408241522785076e-01 2.241591758477215202e-01
3.927589432219318888e-01 6.072410567780681667e-01
8.230644683833540087e-01 1.769355316166460468e-01
4.602463418287793262e-01 5.397536581712205628e-01
7.359133738362100274e-01 2.640866261637898615e-01
2.924451350104309011e-01 7.075548649895692099e-01
8.880804863284421646e-01 1.119195136715577799e-01
5.527379578061730747e-01 4.472620421938269808e-01
7.696132345354225190e-01 2.303867654645777585e-01
3.753853478324931103e-01 6.246146521675070007e-01
6.203646590018141449e-01 3.796353409981859661e-01
4.634993497475698998e-01 5.365006502524299892e-01
7.902318592202118852e-01 2.097681407797881425e-01
3.234178279360329089e-01 6.765821720639669801e-01
8.333064627346313813e-01 1.666935372653687852e-01
7.608788025567959634e-01 2.391211974432042309e-01
7.519195247298363638e-01 2.480804752701638027e-01
9.187553362753796138e-02 9.081244663724620247e-01
7.771244758817683618e-01 2.228755241182316382e-01
7.104384826697047739e-01 2.895615173302952261e-01
2.506518961918537958e-01 7.493481038081460932e-01
6.962331866233670841e-01 3.037668133766329159e-01
3.841593199360159860e-01 6.158406800639840695e-01
8.133414320330073499e-01 1.866585679669925391e-01
7.361844354316120498e-01 2.638155645683877837e-01
8.624077895336597077e-01 1.375922104663402090e-01
6.223085396473744257e-01 3.776914603526256298e-01
7.421714595252323354e-01 2.578285404747677756e-01
2.132522555626599758e-01 7.867477444373399686e-01
8.625922078059562459e-01 1.374077921940439484e-01
7.788978984749816981e-01 2.211021015250184407e-01
8.647068101369190796e-01 1.352931898630808372e-01
7.289779234948863262e-01 2.710220765051136738e-01
2.808278806938675487e-01 7.191721193061326733e-01
6.261258158978458832e-01 3.738741841021541168e-01
7.399685316087041276e-01 2.600314683912957614e-01
4.634622275120538482e-01 5.365377724879460963e-01
8.064854781361309177e-01 1.935145218638689157e-01
7.578342130457097481e-01 2.421657869542901409e-01
4.703372180433004202e-01 5.296627819566996909e-01
7.964277300682875982e-01 2.035722699317124296e-01
6.718905469677601827e-01 3.281094530322397618e-01
4.725508002717022094e-01 5.274491997282976241e-01
6.931256984065998772e-01 3.068743015934001783e-01
2.576656636782539422e-01 7.423343363217460578e-01
4.311610339113148838e-01 5.688389660886852273e-01
8.586046892621398419e-01 1.413953107378601026e-01
8.589170750254351283e-01 1.410829249745649550e-01
3.088335444119298945e-01 6.911664555880699945e-01
2.599741766566532886e-01 7.400258233433467669e-01
3.633284356984480268e-01 6.366715643015519177e-01
1.712036235055433009e-01 8.287963764944565881e-01
5.000000000000000000e-01 5.000000000000000000e-01
1.769429042776156646e-01 8.230570957223840578e-01
6.469146858342278428e-01 3.530853141657720462e-01
6.778295198286232726e-01 3.221704801713766164e-01
6.674570288027596998e-01 3.325429711972401892e-01
5.166073175580059296e-01 4.833926824419941259e-01
7.446490156692966433e-01 2.553509843307033012e-01
4.287326495492271849e-01 5.712673504507729261e-01
8.946483423136476487e-01 1.053516576863525872e-01
3.563720111377364774e-01 6.436279888622634671e-01
3.061480630571752903e-01 6.938519369428245431e-01
5.628317535453768450e-01 4.371682464546232660e-01
8.160862738315575182e-01 1.839137261684426761e-01
3.307162422138457125e-01 6.692837577861541210e-01
8.428653841701589933e-01 1.571346158298408957e-01
5.086023664862315830e-01 4.913976335137683615e-01
2.344551546444237355e-01 7.655448453555763200e-01
5.462902304517590624e-01 4.537097695482408266e-01
1.379886128746728724e-01 8.620113871253269888e-01
3.944147105843821555e-01 6.055852894156179556e-01
4.069110450467745554e-01 5.930889549532253335e-01
4.915105541012725343e-01 5.084894458987274657e-01
7.757967906634352095e-01 2.242032093365648182e-01
3.786685731384071274e-01 6.213314268615928171e-01
3.565862206432030557e-01 6.434137793567968888e-01
5.239925830653604510e-01 4.760074169346395490e-01
3.531892609323604160e-01 6.468107390676397506e-01
8.027094435524175786e-01 1.972905564475825047e-01
5.479420272975636941e-01 4.520579727024364725e-01
8.293528814146213790e-01 1.706471185853786765e-01
4.679903260059298797e-01 5.320096739940701758e-01
2.544100584915749419e-01 7.455899415084250581e-01
7.855801503918599105e-01 2.144198496081398952e-01
5.923568928973219627e-01 4.076431071026781483e-01
6.457067116291466125e-01 3.542932883708534431e-01
8.304995077435589623e-01 1.695004922564411209e-01
2.367240398033874649e-01 7.632759601966124796e-01
8.200259193406629343e-01 1.799740806593373987e-01
2.814103324652171834e-01 7.185896675347830387e-01
4.250010354535109225e-01 5.749989645464890220e-01
6.771080030844262021e-01 3.228919969155736314e-01
2.666038883312917274e-01 7.333961116687081061e-01
8.125796919897497750e-01 1.874203080102501973e-01
5.477741985225492716e-01 4.522258014774507839e-01
3.211662075346821688e-01 6.788337924653174982e-01
2.077091241300302038e-01 7.922908758699696019e-01
5.552083584952697271e-01 4.447916415047300509e-01
3.218907768214300247e-01 6.781092231785700308e-01
6.560895645356458195e-01 3.439104354643542361e-01
1.290002912792792833e-01 8.709997087207206334e-01
8.872656655565001049e-01 1.127343344434999367e-01
5.970077335093867399e-01 4.029922664906132046e-01
5.856362173474054522e-01 4.143637826525945478e-01
6.674700037990637380e-01 3.325299962009363175e-01
6.673693102921189890e-01 3.326306897078810665e-01
5.513170629122489119e-01 4.486829370877510326e-01
6.568710879155391646e-01 3.431289120844607243e-01
4.769665081047748112e-01 5.230334918952252998e-01
